Vancouver Calgary 3 gray
125 175
283 160
285 173
127 189
Vancouver Seattle 1 gray
104 200
121 201
122 242
104 242
Vancouver Seattle 1 gray
84 201
103 201
103 240
85 241
Seattle Portland 1 gray
77 261
94 268
74 306
58 300
Seattle Portland 1 gray
94 265
74 304
91 309
109 272
Seattle Calgary 4 gray
123 248
173 246
226 240
270 211
291 176
305 183
282 220
237 251
177 260
123 259
Seattle Helena 6 yellow
121 266
434 325
430 338
119 279
Calgary Winnipeg 6 white
318 156
362 138
418 129
471 127
528 129
583 141
629 159
624 172
579 155
529 144
475 139
420 143
371 150
322 167
Calgary Helena 4 gray
324 177
456 308
443 317
310 186
Portland SanFrancisco 5 purple
66 332
46 368
36 413
34 461
38 510
53 551
64 544
50 507
49 463
49 416
61 376
82 338
Portland SanFrancisco 5 green
47 327
26 366
16 414
14 459
18 508
33 550
47 545
33 505
32 462
31 417
44 369
63 333
Portland SaltLakeCity 6 blue
90 313
143 323
192 339
240 364
282 395
318 428
345 466
329 468
307 434
273 405
229 373
189 352
137 337
87 330
SanFrancisco SaltLakeCity 5 white
82 571
328 506
323 493
77 558
SanFrancisco SaltLakeCity 5 orange
69 543
316 477
324 492
74 559
SanFrancisco LosAngeles 3 purple
58 575
78 616
109 655
142 685
157 675
122 645
93 609
73 570
SanFrancisco LosAngeles 3 yellow
42 586
63 627
94 665
130 696
145 686
108 654
79 617
58 578
SaltLakeCity LasVegas 3 orange
284 621
322 587
346 543
355 502
336 500
330 542
309 581
272 609
SaltLakeCity Denver 3 red
365 473
519 498
513 511
363 488
SaltLakeCity Denver 3 yellow
363 490
514 514
515 526
360 503
SaltLakeCity Helena 3 purple
366 455
450 345
431 336
354 447
LosAngeles LasVegas 2 gray
177 678
199 642
248 630
243 617
188 630
162 671
LosAngeles Phoenix 3 gray
178 683
228 676
282 676
334 686
329 700
283 688
230 687
180 695
LosAngeles ElPaso 6 black
186 702
227 726
277 741
326 755
382 761
435 758
484 745
487 760
435 769
380 772
326 768
271 756
220 738
179 713
Phoenix Denver 5 white
344 690
363 647
388 606
422 571
465 539
515 524
522 537
474 552
435 581
404 617
378 656
361 693
Phoenix SantaFe 3 gray
366 687
508 635
515 647
370 698
Phoenix ElPaso 3 gray
361 701
511 735
506 751
356 715
Helena Winnipeg 4 blue
477 310
627 191
614 182
466 302
Helena Duluth 6 orange
471 317
792 313
792 327
472 331
Helena Omaha 5 red
490 336
739 416
729 429
484 346
Helena Denver 4 green
452 342
469 334
548 494
532 500
Denver SantaFe 2 gray
541 529
537 614
521 614
524 531
Denver OklahomaCity 4 red
554 532
592 561
641 580
691 587
744 589
744 597
691 598
632 590
579 574
545 542
Denver KansasCity 4 black
567 509
619 509
673 506
722 498
769 482
776 495
726 511
672 521
618 525
565 520
Denver KansasCity 4 orange
567 528
618 528
674 524
723 513
770 498
778 514
729 528
671 537
617 540
566 537
Denver Omaha 4 purple
557 506
599 482
645 463
696 451
748 442
747 430
693 439
638 453
589 471
546 493
SantaFe OklahomaCity 3 blue
550 620
705 607
711 622
548 639
SantaFe ElPaso 2 gray
518 641
513 722
530 723
535 642
ElPaso OklahomaCity 5 yellow
535 735
585 722
631 701
677 678
714 647
743 613
756 622
724 657
685 689
638 714
590 731
541 749
ElPaso Dallas 4 red
564 745
772 720
777 735
565 759
ElPaso Houston 6 green
534 754
582 774
632 786
684 795
738 797
791 787
836 775
843 786
793 800
739 811
684 808
628 799
576 788
527 767
Winnipeg SaultSte.Marie 6 gray
670 168
982 220
980 235
667 181
Winnipeg Duluth 4 black
656 181
810 299
793 311
642 191
Duluth SaultSte.Marie 3 gray
834 291
977 240
983 255
841 305
Duluth Toronto 6 purple
822 308
1137 265
1139 278
827 322
Duluth Chicago 3 red
825 324
868 342
918 354
968 367
966 385
915 375
858 360
813 337
Duluth Omaha 2 gray
818 342
780 419
764 415
801 335
Duluth Omaha 2 gray
784 331
803 337
763 414
748 408
Omaha Chicago 4 blue
783 435
870 390
972 401
973 386
866 373
778 424
Omaha KansasCity 1 gray
787 437
810 473
792 480
772 445
Omaha KansasCity 1 gray
755 451
772 444
790 479
776 487
KansasCity St.Louis 2 blue
808 480
910 475
912 490
808 491
KansasCity St.Louis 2 purple
810 493
913 489
913 506
808 507
KansasCity OklahomaCity 2 gray
817 515
787 593
771 589
798 510
KansasCity OklahomaCity 2 gray
771 589
798 510
782 503
754 586
OklahomaCity LittleRock 2 gray
783 604
885 604
887 614
783 616
OklahomaCity Dallas 2 gray
778 623
789 706
807 703
796 620
OklahomaCity Dallas 2 gray
760 624
772 711
790 705
777 623
Dallas LittleRock 2 gray
813 690
873 623
888 630
823 698
Dallas Houston 1 gray
818 717
853 745
839 754
809 727
Dallas Houston 1 gray
807 727
836 755
825 765
795 736
Houston NewOrleans 2 gray
873 758
972 744
976 760
876 774
SaultSte.Marie Montreal 5 black
1008 219
1048 194
1099 170
1154 152
1206 145
1259 141
1257 158
1209 162
1156 171
1107 187
1055 211
1020 231
SaultSte.Marie Toronto 2 gray
1023 231
1127 246
1126 264
1020 245
Chicago Toronto 4 white
988 379
1027 346
1069 323
1122 311
1164 280
1152 270
1111 296
1059 310
1014 337
975 368
Chicago Pittsburgh 3 orange
1002 370
1055 359
1111 352
1163 353
1163 367
1110 364
1055 372
1007 386
Chicago Pittsburgh 3 black
1010 386
1059 374
1114 369
1168 369
1166 384
1113 384
1060 392
1014 399
Chicago St.Louis 2 green
964 401
979 407
923 480
908 472
Chicago St.Louis 2 white
923 481
941 488
994 419
979 407
St.Louis Pittsburgh 5 green
936 491
1167 384
1173 397
944 502
St.Louis Nashville 2 gray
939 511
1040 533
1038 548
935 523
St.Louis LittleRock 2 gray
932 506
909 591
890 586
913 506
LittleRock Nashville 3 white
913 605
965 599
1015 583
1054 554
1062 570
1023 603
968 619
913 619
LittleRock NewOrleans 3 green
914 621
988 733
971 743
901 630
NewOrleans Atlanta 4 yellow
992 737
1010 695
1044 656
1079 623
1118 593
1129 607
1092 634
1058 666
1026 703
1009 743
NewOrleans Atlanta 4 orange
1129 607
1092 634
1058 666
1026 703
1009 743
1023 750
1041 709
1068 677
1104 644
1143 618
NewOrleans Miami 6 red
1032 763
1077 743
1126 728
1180 728
1226 749
1266 778
1296 807
1312 800
1277 766
1238 735
1180 712
1126 714
1073 725
1026 748
Montreal Toronto 3 gray
1273 169
1231 192
1188 214
1163 253
1145 246
1173 206
1220 173
1268 159
Montreal NewYork 3 blue
1289 176
1312 302
1290 304
1266 177
Montreal Boston 2 gray
1314 155
1353 184
1394 208
1380 218
1339 192
1304 166
Montreal Boston 2 gray
1380 218
1339 192
1304 166
1292 179
1330 202
1369 230
Toronto Pittsburgh 2 gray
1183 272
1188 356
1173 359
1163 274
Pittsburgh NewYork 2 white
1197 352
1243 331
1286 309
1293 321
1243 343
1205 366
Pittsburgh NewYork 2 green
1293 321
1243 343
1205 366
1214 376
1258 356
1305 334
Pittsburgh Washington 2 gray
1213 380
1307 418
1302 432
1205 392
Pittsburgh Raleigh 2 gray
1213 402
1234 481
1217 488
1191 404
Raleigh Washington 2 gray
1241 496
1303 433
1319 443
1253 508
Raleigh Washington 2 gray
1319 443
1253 508
1267 514
1331 454
Releigh Charleston 2 gray
1254 515
1295 539
1317 553
1295 583
1279 578
1289 554
1247 530
Releigh Atlanta 2 gray
1216 511
1141 563
1149 578
1229 523
Releigh Atlanta 2 gray
1149 578
1229 523
1239 535
1163 590
Atlanta Nashville 1 gray
1124 576
1084 554
1076 566
1114 588
Nashville Pittsburgh 4 yellow
1059 538
1080 498
1118 465
1160 442
1192 403
1174 396
1147 430
1102 451
1067 490
1042 527
Nashville Raleigh 3 black
1073 528
1119 506
1172 491
1228 496
1230 512
1171 509
1120 520
1082 541
Atlanta Charleston 2 gray
1161 601
1270 603
1266 620
1162 616
Atlanta Miami 5 blue
1157 612
1319 780
1308 790
1142 625
Charleston Miami 4 purple
1294 619
1293 660
1302 700
1317 742
1341 780
1325 788
1300 748
1284 702
1276 658
1275 617
Washington NewYork 2 orange
1309 415
1305 331
1324 333
1328 417
Washington NewYork 2 black
1324 333
1328 417
1348 414
1342 334
NewYork Boston 2 yellow
1317 307
1368 231
1389 243
1334 313
NewYork Boston 2 red
1389 243
1334 313
1348 323
1402 249